    1     5    12    11     9
    1     5    12    13     9
    1     5    12    26     9
    2     8    10    11     9
    2     8    10    24     9
    2     8    10     3     9
    3    10    11    12     9
    3    10    11    25     9
    3    10    11     4     9
    4    11    12    13     9
    4    11    12    26     9
    4    11    12     5     9
    5    12    13    27     9
    5    12    13     6     9
    5    12    13     7     9
    7     8    10    11     9
    7     8    10    24     9
    7     8    10     3     9
    8    10    11    12     9
    8    10    11    25     9
    8    10    11     4     9
    8     7    13    12     9
    8     7    13    27     9
    8     7    13     6     9
    8     7     9    23     9
    9     7    13    12     9
    9     7    13    27     9
    9     7    13     6     9
    9     7     8    10     9
    9     7     8    22     9
    9     7     8     2     9
   10    11    12    13     9
   10    11    12    26     9
   10    11    12     5     9
   11    12    13    27     9
   11    12    13     6     9
   11    12    13     7     9
   13     7     8    10     9
   13     7     8    22     9
   13     7     8     2     9
   13     7     9    23     9
   14     1     5    12     9
   15     1     5    12     9
   16     1     5    12     9
   17     2     8    10     9
   17     2     8    22     9
   17     2     8     7     9
   18     3    10    11     9
   18     3    10    24     9
   18     3    10     8     9
   19     4    11    10     9
   19     4    11    12     9
   19     4    11    25     9
   20     6    13    12     9
   20     6    13    27     9
   20     6    13     7     9
   21     7    13    12     9
   21     7    13    27     9
   21     7    13     6     9
   21     7     8    10     9
   21     7     8    22     9
   21     7     8     2     9
   21     7     9    23     9
   22     8    10    11     9
   22     8    10    24     9
   22     8    10     3     9
   24    10    11    12     9
   24    10    11    25     9
   24    10    11     4     9
   25    11    12    13     9
   25    11    12    26     9
   25    11    12     5     9
   26    12    13    27     9
   26    12    13     6     9
   26    12    13     7     9
